Module 
Ks: 0.1025
Kv: 0.14271
Ka: 0.0059066
Kp: 0.035483
Kd: 0

Module 1:
Ks: 0.1104
Kv: 0.14094
Ka: 0.0034926
Kp: 0.011608
Kd: 0

Module 2: bad values
Ks: -0.23953
Kv: 0.12914
Ka: 0.082863
Kp: 0.18585
Kd: 0

Module 3:
Ks: 0.11148
Kv: 0.14054
Ka: 0.0042137
Kp: 0.018363
Kd: 0

aks:0.1081267
akv:0.1413967
aka:0.004537634
akp:0.021818